# Created by Octave 5.1.0, Mon Apr 13 23:28:21 2020 GMT <unknown@LAP282>
# name: d
# type: matrix
# rows: 118
# columns: 3
 0.051267 0.69955999999999996 1
 -0.092742000000000005 0.68493999999999999 1
 -0.21371000000000001 0.69225000000000003 1
 -0.375 0.50219000000000003 1
 -0.51324999999999998 0.46564 1
 -0.52476999999999996 0.20979999999999999 1
 -0.39804 0.034356999999999999 1
 -0.30587999999999999 -0.19225 1
 0.016705000000000001 -0.40423999999999999 1
 0.13191 -0.51388999999999996 1
 0.38536999999999999 -0.56506000000000001 1
 0.52937999999999996 -0.5212 1
 0.63882000000000005 -0.24342 1
 0.73675000000000002 -0.18493999999999999 1
 0.54666000000000003 0.48757 1
 0.32200000000000001 0.58260000000000001 1
 0.16647000000000001 0.53874 1
 -0.046658999999999999 0.81652000000000002 1
 -0.17338999999999999 0.69955999999999996 1
 -0.47869 0.63376999999999994 1
 -0.60541 0.59721999999999997 1
 -0.62846000000000002 0.33406000000000002 1
 -0.59389000000000003 0.005117 1
 -0.42108000000000001 -0.27266000000000001 1
 -0.11577999999999999 -0.39693000000000001 1
 0.20104 -0.60160999999999998 1
 0.46600999999999998 -0.53581999999999996 1
 0.67339000000000004 -0.53581999999999996 1
 -0.13882 0.54605000000000004 1
 -0.29435 0.77997000000000005 1
 -0.26555000000000001 0.96272000000000002 1
 -0.16187000000000001 0.80189999999999995 1
 -0.17338999999999999 0.64839000000000002 1
 -0.28283000000000003 0.47294999999999998 1
 -0.36348000000000003 0.31213000000000002 1
 -0.30012 0.027047000000000002 1
 -0.23674999999999999 -0.21418000000000001 1
 -0.063939999999999997 -0.18493999999999999 1
 0.062787999999999997 -0.16300999999999999 1
 0.22983999999999999 -0.41155000000000003 1
 0.29320000000000002 -0.2288 1
 0.48329 -0.18493999999999999 1
 0.64459 -0.14108000000000001 1
 0.46024999999999999 0.012427000000000001 1
 0.62729999999999997 0.15862999999999999 1
 0.57545999999999997 0.26827000000000001 1
 0.72523000000000004 0.44370999999999999 1
 0.22408 0.52412000000000003 1
 0.44296999999999997 0.67032000000000003 1
 0.32200000000000001 0.69225000000000003 1
 0.13766999999999999 0.57528999999999997 1
 -0.0063363999999999998 0.39984999999999998 1
 -0.092742000000000005 0.55335999999999996 1
 -0.20795 0.35598999999999997 1
 -0.20795 0.17324999999999999 1
 -0.43836000000000003 0.21711 1
 -0.21947 -0.016813000000000002 1
 -0.13882 -0.27266000000000001 1
 0.18376000000000001 0.93347999999999998 0
 0.22408 0.77997000000000005 0
 0.29896 0.61914999999999998 0
 0.50634000000000001 0.75804000000000005 0
 0.61577999999999999 0.7288 0
 0.60426000000000002 0.59721999999999997 0
 0.76554999999999995 0.50219000000000003 0
 0.92684 0.36330000000000001 0
 0.82316 0.27557999999999999 0
 0.96140999999999999 0.085526000000000005 0
 0.93835999999999997 0.012427000000000001 0
 0.86348000000000003 -0.082601999999999995 0
 0.89803999999999995 -0.20687 0
 0.85196000000000005 -0.36769000000000002 0
 0.82891999999999999 -0.5212 0
 0.79435 -0.55774999999999997 0
 0.59274000000000004 -0.74050000000000005 0
 0.51785999999999999 -0.59430000000000005 0
 0.46600999999999998 -0.41886000000000001 0
 0.35081000000000001 -0.57967999999999997 0
 0.28743999999999997 -0.76973999999999998 0
 0.085829000000000003 -0.75512000000000001 0
 0.14918999999999999 -0.57967999999999997 0
 -0.13306000000000001 -0.4481 0
 -0.40955999999999998 -0.41155000000000003 0
 -0.39228000000000002 -0.25803999999999999 0
 -0.74365999999999999 -0.25803999999999999 0
 -0.69757999999999998 0.041667000000000003 0
 -0.75517999999999996 0.29020000000000001 0
 -0.69757999999999998 0.68493999999999999 0
 -0.40379999999999999 0.70687 0
 -0.38075999999999999 0.91886000000000001 0
 -0.50749 0.90424000000000004 0
 -0.54781000000000002 0.70687 0
 0.10310999999999999 0.77997000000000005 0
 0.057028000000000002 0.91886000000000001 0
 -0.10426000000000001 0.99195999999999995 0
 -0.081221000000000002 1.1089 0
 0.28743999999999997 1.087 0
 0.39689000000000002 0.82382999999999995 0
 0.63882000000000005 0.88961999999999997 0
 0.82316 0.66300999999999999 0
 0.67339000000000004 0.64107999999999998 0
 1.0709 0.10015 0
 -0.046658999999999999 -0.57967999999999997 0
 -0.23674999999999999 -0.63815999999999995 0
 -0.15035000000000001 -0.36769000000000002 0
 -0.49020999999999998 -0.3019 0
 -0.46716999999999997 -0.13377 0
 -0.28859000000000001 -0.060672999999999998 0
 -0.61117999999999995 -0.067982000000000001 0
 -0.66302000000000005 -0.21418000000000001 0
 -0.59965000000000002 -0.41886000000000001 0
 -0.72638000000000003 -0.082601999999999995 0
 -0.83006999999999997 0.31213000000000002 0
 -0.72062000000000004 0.53874 0
 -0.59389000000000003 0.49487999999999999 0
 -0.48444999999999999 0.99926999999999999 0
 -0.0063363999999999998 0.99926999999999999 0
 0.63265000000000005 -0.030612 0


